10
1 0 1
23 0 2
45 0 3
46 0 4
35 0 5
34 0 6
27 0 7
11 0 8

1 61 1 39 74 73 30
2 61 80 90 19 95
3 61 51 73 28 81
4 17 61 37 16 79 77 8
5 37 13 69 72 79 98 11 73
6 95 54 47 59 69 73
7 79 82 10 41 21 55 58 73
8 57 88 94 86 32 72 21
9 89 88 52 50 4 27 94
10 42 97 90 73 27 37
11 89 18 13 33 79 44
12 34 67 69 45 100 84
13 58 83 33 49 46 61
14 72 35 90 15 94 36 29
15 7 64 4 74 15 14
16 98 2 64 21 85 79 18 9
17 49 58 57 81 55 40
18 95 51 75 59 9 21
19 19 16 97 59 48 89 74 69
20 47 37 31 94 51 97 44
21 91 97 18 80 98 10
22 91 9 30 14 94 96
23 4 86 55 22 49 38
24 18 84 71 47 31 36
25 85 57 38 52 12 87
26 10 15 14 49 20 77 22 32
27 34 6 29 88 38 57 84 65
28 81 30 44 86 7 20 59
29 27 95 3 86 39 5 63
30 30 58 10 9 97 54
31 52 72 13 30 81 39 86 78
32 26 37 54 32 60 6
33 43 5 46 8 73 53
34 1 68 70 5 57 60 36
35 91 88 87 33 60 22 36
36 66 63 52 58 18 20
37 58 56 15 92 38 29
38 30 19 51 76 49 21
39 68 64 15 19 30 29 80
40 13 9 18 31 16 33 58
41 83 1 21 17 30 89 94 68
42 16 27 6 47 78
43 38 54 20 70 86 65
44 86 22 19 84 12 32 25 92
45 19 85 23 72 7 29 65 14
46 25 2 72 23 16 95 52 38
47 46 18 76 39 4 35
48 64 38 16 4 50 77 6
49 25 99 12 51 65 88 59 13
50 14 90 75 61 65
51 3 11 26 28 40 41 42 43 45 48 53 56 66 67 71 82 96 99 100


