7 40 24 29 19 27 36 28
7 6 37 25 2 26 33 1
10 40 16 35 15 9 14 1 19 23 6
10 27 34 25 15 3 13 28 38 24 17
6 17 15 19 33 10 36
7 2 31 23 7 22 4 33
9 31 2 7 37 24 19 32 13 33
9 4 15 7 28 10 6 33 17 23
11 12 25 19 34 17 39 6 8 7 5 35
9 19 40 26 8 15 35 28 22 30
6 15 24 27 29 36 16
6 9 24 39 26 15 34
5 2 6 26 21 33
7 34 26 30 29 9 20 5
9 37 36 32 16 14 26 2 3 39
7 26 1 39 37 17 5 31
9 12 9 35 33 21 37 18 28 8
7 29 33 39 31 22 23 30
8 26 11 25 3 28 14 16 10
7 39 26 19 6 35 40 31
6 19 23 34 8 14 7
5 3 20 24 31 36
5 17 31 28 23 1
6 9 36 31 40 26 21
8 23 13 15 21 35 9 14 25
10 32 18 5 17 19 14 34 16 26 3
10 18 30 33 34 35 6 20 7 8 12
8 31 36 23 24 15 19 6 2
7 8 15 17 5 39 3 40
9 35 24 21 33 15 20 18 38 11
