7 33 49 21 48 53 34 38
6 55 23 27 8 40 28
8 29 48 2 19 52 22 47 60
6 46 48 26 20 56 11
6 8 33 19 4 42 25
7 38 56 20 2 45 36 57
6 47 38 4 16 31 37
8 30 50 28 5 43 39 47 49
7 36 14 50 7 20 28 6
6 22 42 25 37 44 39
7 22 29 20 12 24 27 3
6 22 27 1 29 34 21
6 54 36 25 11 41 26
7 5 11 34 13 37 47 14
7 8 5 26 28 24 19 21
5 52 8 44 58 7
7 20 7 37 19 31 26 38
7 16 45 54 11 4 7 13
6 13 23 60 41 53 8
7 30 53 22 23 57 34 41
6 40 31 49 41 55 11
8 40 33 27 15 5 25 39 43
7 15 54 32 2 59 35 4
6 52 49 8 14 9 15
8 8 40 47 60 3 19 52 18
8 43 50 30 29 56 41 45 37
5 16 5 46 52 43
6 38 4 27 35 45 26
5 21 39 7 42 52
7 32 55 34 60 42 27 17
6 6 55 3 40 14 15
7 36 40 24 4 39 30 1
6 53 6 30 18 33 59
6 3 24 10 55 25 30
7 11 27 52 1 59 37 31
7 18 8 23 46 7 14 43
8 14 48 12 19 22 11 9 53
6 45 1 55 19 15 24
6 31 60 49 34 55 3
7 60 10 58 47 33 29 17