11 96 21 87 37 2 8 81 44 90 39 4
9 40 36 11 44 7 68 96 30 27
8 37 59 98 66 35 69 99 31
6 99 40 28 91 48 97
9 97 53 2 70 9 99 69 13 79
7 68 84 24 48 16 74 75
10 86 46 44 20 91 97 24 58 28 65
9 61 46 85 81 53 26 4 89 36
7 13 54 17 6 33 43 78
10 47 56 35 33 46 28 3 98 11 91
10 55 79 13 99 27 62 38 86 44 89
11 57 49 37 98 93 72 56 47 1 96 39
9 85 41 84 62 79 14 28 57 27
13 96 100 34 22 88 81 18 28 33 24 77 2 59
11 12 48 4 8 46 17 49 79 70 36 41
8 53 14 22 89 71 19 37 84
7 56 7 51 82 16 92 31
8 82 9 89 77 78 46 65 81
6 42 64 89 81 79 46
10 48 7 35 65 28 70 43 42 15 58
9 14 73 20 51 44 82 49 22 25
6 43 100 91 4 15 87
10 10 1 81 21 40 73 39 50 43 76
7 6 29 12 28 55 15 33
9 43 87 86 11 21 65 41 10 95
9 72 22 99 54 96 10 92 35 3
10 81 39 64 30 88 59 16 67 72 89
7 77 97 6 35 55 58 20
8 21 72 38 2 10 17 7 69
10 75 25 97 15 78 96 98 51 54 10
10 46 65 75 35 24 29 51 9 68 99
11 45 62 33 84 89 7 15 99 46 57 47
13 45 1 86 65 69 30 4 38 5 49 94 85 60
6 59 95 25 49 65 24
13 95 92 33 56 62 90 54 70 21 84 82 43 60
10 31 3 19 63 66 81 40 83 69 7
6 99 21 8 84 77 42
9 25 28 65 26 92 34 100 71 69
7 22 35 95 59 96 49 32
13 8 51 42 69 30 70 31 56 48 87 53 33 83
8 31 56 46 78 67 83 40 93
12 60 61 30 38 34 31 7 87 58 50 10 33
12 37 88 5 85 32 76 92 28 8 77 21 15
6 15 63 73 68 52 17
8 98 89 90 14 52 48 22 99
13 9 64 90 10 60 7 46 12 96 68 18 74 94
