7 73 94 107 301 349 500 515
8 17 60 91 168 379 383 390 416
5 111 234 258 355 390
7 58 96 135 139 206 242 409
8 70 131 266 269 321 456 457 478
2 317 343
8 116 259 273 374 433 436 472 507
8 30 47 55 121 126 216 226 437
4 223 365 525 537
8 13 206 228 269 275 374 386 461
4 22 150 368 495
4 148 324 425 538
8 164 165 176 300 315 342 444 498
4 157 377 412 420
5 22 209 252 354 531
8 59 127 221 233 278 297 375 460
5 4 83 87 209 292
4 54 155 310 408
5 140 141 173 393 453
4 46 73 184 329
8 81 208 338 343 385 425 448 491
2 16 510
4 265 294 477 533
8 58 75 160 239 310 458 507 543
8 104 199 221 227 271 326 376 429
4 342 483 512 517
7 7 94 273 377 382 394 519
6 19 53 140 303 425 441
5 55 68 177 239 287
2 313 501
8 8 77 142 366 371 397 419 529
7 10 98 101 193 283 289 500
7 66 79 181 308 341 504 524
2 61 512
8 1 30 103 130 135 147 190 267
3 3 21 317
3 182 270 384
5 59 189 399 483 496
7 143 256 263 367 405 508 538
5 125 268 299 353 425
6 185 240 279 387 480 509
5 5 367 411 487 490
6 0 49 145 318 374 516
8 75 117 121 178 229 299 331 351
8 48 67 137 141 450 467 469 493
8 2 119 138 217 247 347 406 412
8 47 99 100 122 191 240 255 447
8 94 110 123 158 222 265 369 527
5 27 32 391 429 447
7 79 225 280 291 347 399 457
8 55 93 173 176 251 371 458 537
8 15 88 140 163 233 282 324 486
5 79 100 162 316 439
7 44 58 130 291 370 481 542
7 120 150 158 208 233 237 402
8 91 211 233 335 421 433 500 530
5 19 124 132 176 485
7 89 201 210 304 449 457 482
6 41 71 106 427 474 511
7 6 27 44 220 227 454 519
5 118 146 268 386 493
5 193 358 401 404 408
6 198 211 249 262 273 497
6 9 328 389 480 506 541
7 36 54 57 130 269 338 418
5 61 158 367 368 487
8 91 129 184 280 391 482 486 494
5 122 123 156 224 502
4 7 255 445 500
8 6 34 35 80 471 476 489 515
7 78 290 387 449 489 516 526
8 63 164 169 200 221 306 332 356
8 15 130 163 215 262 446 499 508
8 119 219 273 318 325 335 340 341
5 11 119 347 372 535
8 87 118 316 359 471 480 496 504
8 10 112 179 198 223 302 312 451
8 142 215 255 263 361 383 401 440
4 318 358 442 462
8 35 156 236 324 330 354 407 455
6 22 202 265 392 523 531
8 40 49 79 84 330 407 439 514
7 31 65 242 287 467 472 517
5 58 274 300 359 482
6 62 65 68 124 176 472
6 112 134 282 283 468 527
8 39 140 144 161 244 273 302 393
5 98 143 252 314 384
8 41 66 160 176 196 311 322 376
8 31 167 204 206 288 319 464 472
5 149 221 231 253 304
3 53 260 272
4 8 13 179 404
8 22 190 199 277 437 451 476 505
7 9 79 168 340 357 540 543
8 4 114 153 273 348 357 414 441
7 21 76 105 254 362 371 493
7 33 205 218 391 430 431 490
8 72 167 187 217 333 336 343 438
8 92 95 118 197 237 411 414 435
8 2 51 98 198 212 222 239 424
7 130 183 214 305 421 499 526
7 131 176 261 281 337 479 496
6 5 187 302 360 444 447
8 28 116 147 153 217 330 345 361
5 273 277 469 491 543
7 24 116 137 172 252 341 531
8 47 82 91 126 147 162 263 296
6 80 111 120 128 240 349
6 37 107 111 155 195 236
5 151 182 316 411 509
6 23 99 241 294 425 437
5 53 102 232 423 515
8 96 180 204 213 246 301 308 383
6 57 99 191 241 376 396
8 57 78 195 197 380 464 473 489
6 27 125 138 140 381 469
5 33 88 317 425 498
8 50 94 261 307 410 435 443 498
6 110 117 220 379 451 496
7 32 38 74 232 340 417 470
8 62 148 164 206 211 222 235 309
8 55 123 194 266 273 281 330 332
3 97 101 501
8 45 55 117 220 341 354 529 543
4 263 313 391 410
8 87 120 154 199 350 448 476 510
7 12 229 260 295 459 522 524
8 28 108 117 167 240 248 273 274
6 76 95 104 314 370 429
7 145 200 242 355 373 382 511
3 64 238 417
6 39 53 269 373 488 520
5 137 228 323 346 491
7 143 241 288 503 504 529 542
6 27 271 371 454 488 518
8 7 45 114 184 366 375 479 543
8 8 86 95 98 117 144 234 252
2 152 230
8 138 147 157 209 253 277 339 464
4 396 452 468 491
4 34 276 369 385
7 7 132 257 307 337 388 413
6 253 269 503 513 532 536
8 113 240 247 264 290 326 402 500
5 380 443 508 524 539
8 5 52 174 213 335 436 503 541
5 120 214 451 499 519
6 102 111 169 241 371 414
7 33 53 134 213 334 495 513
6 36 51 63 138 143 220
6 175 230 323 440 446 533
5 7 117 170 303 390
8 14 103 137 327 352 453 522 523
5 6 405 520 522 528
8 28 42 64 128 243 316 392 459
6 134 140 163 292 392 439
8 24 27 48 154 190 285 327 352
7 90 127 138 140 286 363 484
2 18 531
8 20 70 114 180 216 225 233 415
8 7 25 31 160 166 175 219 236
5 250 385 459 498 525
8 60 67 93 97 111 207 260 318
6 114 218 364 381 427 477
4 129 279 469 497
3 5 113 503
5 59 78 267 418 540
8 18 110 115 138 165 179 188 203
7 115 140 163 346 411 423 427
2 159 176
8 66 141 251 263 273 356 376 378
6 12 213 424 432 436 470
7 239 244 356 411 485 495 516
6 27 67 85 208 394 434
8 38 67 117 198 224 276 300 398
3 293 431 534
8 47 52 56 116 299 398 407 414
7 0 18 43 195 238 255 259
7 133 212 221 308 426 430 465
5 90 159 163 306 395
8 11 73 119 141 184 200 229 265
4 6 246 463 484
7 46 50 67 79 145 272 538
8 71 117 171 234 260 403 436 506
5 25 97 353 469 477
8 186 201 210 241 242 248 329 427
8 20 32 109 188 192 284 310 495
4 88 314 318 428
8 83 94 143 167 296 328 500 525
7 33 130 417 436 466 481 502
8 21 147 289 331 369 371 502 510
5 171 186 243 414 535
6 42 293 371 378 422 477
5 77 270 312 344 536
7 48 85 174 239 322 411 453
5 90 136 291 378 528
7 23 69 123 216 297 436 452
6 123 315 349 362 449 525
4 273 320 375 476
5 65 324 432 476 478
6 43 49 205 207 309 371
6 17 70 242 333 379 436
8 7 70 164 178 233 298 324 410
8 14 29 82 213 260 276 285 425
8 21 96 150 249 361 422 461 527
7 6 42 105 347 426 466 494
8 29 56 152 154 334 401 405 444
8 56 146 163 234 295 319 464 500
6 84 120 155 215 290 463
8 78 109 113 146 192 328 363 389
8 26 149 328 351 415 457 496 521
5 40 177 201 320 426
5 133 362 473 521 542
8 1 76 120 166 187 232 456 463
7 72 184 242 360 379 477 532
8 189 250 275 284 374 377 403 475
8 37 226 240 409 410 468 475 479
3 16 53 444
3 117 455 498
4 100 305 406 540
5 23 117 258 286 477
5 196 264 355 411 414
6 29 89 93 127 452 464
8 83 179 185 203 257 286 319 429
5 170 401 413 457 518
8 79 136 175 221 256 403 414 431
8 97 137 146 203 225 257 335 348
7 27 163 167 207 296 325 450
8 99 176 214 326 402 445 470 499
8 108 137 150 215 312 336 460 475
4 8 212 452 492
7 92 202 286 329 476 506 542
7 153 200 235 416 438 468 494
8 42 74 208 298 350 355 420 456
8 7 27 232 279 371 372 377 379
8 86 106 151 242 282 306 465 543
8 3 81 231 397 442 444 492 528
8 21 57 71 169 194 321 390 428
8 26 85 157 245 269 416 514 543
7 388 400 462 485 505 524 532
8 62 130 205 275 396 415 419 425
7 121 158 249 395 402 521 534
8 85 139 163 181 254 311 400 412
8 105 261 311 339 341 387 517 518
8 94 215 238 245 365 493 530 539
8 8 69 235 279 306 312 366 434
8 161 183 299 341 344 414 474 477
6 70 79 328 463 488 495
8 117 172 223 278 320 345 364 479
4 614 678 805 842
7 660 737 773 943 948 992 1043
8 580 606 615 634 775 830 858 909
7 569 776 906 971 975 997 1039
8 606 667 671 741 756 784 905 949
3 750 841 1023
6 628 651 755 827 982 1031
7 569 638 672 684 773 882 923
2 545 1038
6 617 652 677 895 901 988
8 578 595 634 649 748 792 906 909
5 550 613 841 866 975
8 634 708 714 857 960 972 973 1012
8 548 617 756 773 788 801 836 956
6 652 700 708 918 947 1001
8 562 597 739 813 968 1014 1050 1051
4 639 712 875 1001
8 654 675 677 843 848 894 902 933
3 688 693 1030
3 648 731 845
8 544 660 663 711 725 944 1017 1031
4 659 804 831 917
7 649 785 862 996 1007 1044 1051
5 549 808 879 882 982
7 658 801 840 869 897 905 1049
8 627 698 755 806 893 919 963 1049
8 713 718 766 873 962 1017 1032 1035
6 628 760 935 967 1032 1052
6 608 697 771 904 1004 1031
8 575 586 650 694 803 839 853 961
5 588 796 809 829 956
8 557 566 580 782 821 920 982 1025
8 577 655 665 695 809 848 884 971
8 634 676 727 768 823 896 913 950
2 947 1025
6 550 666 765 808 958 975
8 544 556 660 815 882 910 986 987
8 584 665 770 831 836 859 875 895
8 620 673 705 739 740 759 851 862
7 767 823 833 837 1009 1021 1029
6 623 838 856 1014 1016 1033
3 703 770 787
4 587 666 735 936
8 600 607 629 658 707 771 781 831
7 595 610 688 767 897 929 950
6 583 846 913 975 999 1054
8 574 583 619 736 743 762 783 989
7 564 685 805 836 900 943 1018
8 763 843 848 892 951 953 959 1003
7 647 730 731 919 946 970 1029
8 642 650 672 674 876 941 956 973
6 568 681 750 753 971 994
8 590 594 665 717 824 877 1000 1015
8 597 644 664 817 825 874 957 995
8 588 589 691 716 830 835 853 874
5 686 726 837 843 861
7 629 788 853 911 995 1033 1053
7 556 631 760 794 923 943 1026
8 572 601 658 662 700 772 780 787
7 656 695 787 894 897 977 1028
8 545 616 717 800 908 945 995 1037
7 594 620 634 683 870 911 1011
8 646 706 716 724 857 900 968 988
7 606 625 695 785 844 984 1022
5 619 721 830 885 896
8 569 601 643 723 747 824 897 924
5 568 589 670 878 1000
3 643 871 907
7 608 703 778 810 848 862 984
4 550 624 999 1037
7 596 814 821 845 933 954 1014
8 573 624 626 691 754 901 938 971
8 578 608 652 653 749 925 995 1005
8 611 749 789 834 849 889 953 1006
6 544 686 728 1016 1018 1031
8 562 598 630 633 658 674 693 746
8 546 622 640 739 846 962 984 995
8 589 636 676 704 778 790 892 895
5 740 745 803 840 952
4 575 881 973 1032
4 544 820 840 962
7 556 723 907 910 1028 1035 1036
8 611 615 654 768 891 910 974 990
3 752 790 1016
2 853 862
6 715 852 944 1005 1028 1049
8 555 567 657 665 670 720 842 955
8 552 566 647 653 741 815 817 852
5 619 624 630 633 859
8 609 635 677 698 897 917 935 981
5 717 724 794 851 1037
5 587 724 744 917 964
3 680 745 1040
5 639 656 775 796 893
8 612 736 769 799 850 868 880 903
8 621 718 763 865 922 927 946 975
5 570 728 835 921 998
8 567 584 617 635 883 911 1005 1045
8 574 779 786 790 841 897 903 957
8 554 596 614 652 751 862 984 988
7 608 647 680 810 884 953 1003
7 584 679 772 803 806 834 851
5 736 955 974 1008 1029
8 639 678 681 791 887 931 1023 1035
8 570 786 801 815 843 875 969 980
8 558 574 661 789 875 883 921 965
7 567 689 832 941 975 1010 1043
4 602 604 658 878
8 575 600 601 668 703 705 707 913
6 554 580 906 928 990 1040
7 556 730 865 949 1015 1029 1042
8 564 592 608 610 729 852 907 920
8 598 608 625 654 665 811 816 859
7 565 645 732 829 955 960 1015
7 550 623 668 1019 1020 1029 1036
3 763 921 1002
8 721 809 839 897 898 923 1007 1026
8 626 632 639 640 665 796 881 892
6 662 727 830 863 997 1039
5 586 619 721 752 1015
8 602 619 637 717 914 953 997 1012
8 557 650 934 971 976 987 992 1010
6 634 647 698 732 806 1013
3 841 1039 1054
2 579 729
8 555 639 761 829 982 1023 1024 1031
8 558 627 662 757 820 888 950 1028
8 571 596 609 702 721 794 856 898
8 672 691 720 784 823 905 936 962
6 565 577 591 796 983 1019
5 673 855 869 871 1046
8 550 702 785 798 886 925 930 959
8 553 666 705 851 908 924 985 1010
6 637 719 747 775 860 1047
5 792 961 966 1023 1034
8 578 608 625 788 874 962 1017 1027
6 551 580 623 644 892 1048
1 647
4 697 896 922 1019
5 615 622 642 677 1004
5 548 600 828 910 997
6 547 614 724 788 802 848
8 601 629 682 713 786 822 951 962
5 693 699 878 994 1041
8 556 567 680 704 709 747 786 816
6 601 647 722 771 978 1034
8 584 742 743 777 807 822 875 877
3 563 573 709
8 551 576 594 684 791 866 927 1017
6 567 678 687 942 1013 1031
6 731 774 868 912 933 952
5 606 658 908 915 1048
7 547 581 633 710 734 1009 1045
5 811 834 872 932 949
8 576 584 597 660 677 679 694 795
6 717 733 749 805 843 926
6 665 825 841 953 993 1052
8 585 601 638 744 769 820 848 873
8 618 738 759 783 796 820 826 836
4 771 788 1012 1031
7 669 823 846 977 979 996 1051
7 546 689 879 915 942 1009 1042
8 577 610 633 660 674 880 928 930
5 695 706 721 781 969
5 751 784 793 897 1043
8 609 658 693 755 761 788 847 993
4 596 714 827 1030
3 624 872 976
8 563 636 775 786 834 916 940 965
8 579 592 665 672 764 897 934 935
7 551 558 816 858 885 1019 1054
8 690 771 777 796 944 950 968 1002
6 779 846 854 931 1017 1028
7 556 696 753 828 954 1025 1035
8 675 752 796 820 916 928 978 1031
7 685 743 750 795 978 1019 1021
7 582 748 818 872 951 989 1041
8 601 735 804 904 944 997 1008 1019
8 585 660 744 802 814 850 961 1044
8 588 600 624 660 701 774 782 854
8 553 693 696 703 765 915 944 982
4 878 883 974 1011
2 841 938
6 574 690 921 929 970 983
7 683 812 817 889 922 995 1026
6 616 629 719 843 902 988
6 618 674 758 845 885 932
7 641 895 903 937 966 1003 1044
5 549 650 760 834 890
3 943 1012 1044
4 556 612 812 950
8 596 605 658 882 929 966 979 991
7 560 584 603 731 867 915 1035
8 561 576 650 724 864 967 1046 1049
8 590 622 693 736 784 877 942 1018
8 568 577 797 862 890 997 1012 1027
7 651 721 779 793 878 899 995
8 584 671 687 771 878 929 1006 1008
8 577 590 593 613 841 887 972 1005
8 548 556 602 664 681 796 858 953
6 610 725 758 912 970 1010
4 582 682 913 953
7 569 599 607 670 699 732 858
8 643 657 679 832 886 989 1028 1037
5 764 840 860 909 920
8 820 857 876 888 940 998 1007 1029
8 582 599 659 669 699 757 819 820
8 561 588 591 638 722 752 936 948
8 581 591 615 632 660 685 733 776
8 692 715 780 899 939 970 1019 1029
3 678 803 1047
8 562 585 607 613 655 669 787 939
5 613 726 739 766 989
5 629 658 734 828 950
3 625 663 985
8 636 712 794 839 867 870 958 991
4 568 764 842 884
8 544 559 585 661 735 833 838 884
4 627 684 771 986
6 619 648 818 891 1005 1015
6 740 798 807 988 1022 1049
8 559 604 677 826 841 853 926 1016
7 581 600 744 778 852 928 955
8 660 738 800 806 861 870 939 965
5 627 640 837 858 1018
7 633 678 705 748 797 855 969
4 586 867 870 980
8 570 571 619 656 746 754 771 828
8 584 673 790 863 921 928 1032 1038
5 566 625 645 863 1017
2 624 674
6 593 594 708 806 997 1020
6 596 630 818 844 1043 1049
8 603 605 621 762 800 803 947 963
7 635 726 819 867 918 955 1032
6 553 641 710 863 922 1053
4 560 732 849 913
8 581 741 802 877 891 954 1033 1042
2 701 1003
8 552 586 668 699 891 914 932 939
7 675 864 922 965 976 1018 1051
8 693 717 724 742 813 851 936 1004
3 692 711 961
4 554 646 937 1050
7 630 672 737 799 945 958 995
8 583 606 654 667 706 831 858 872
7 631 673 833 901 954 1028 1042
5 572 867 872 881 981
8 657 658 680 786 815 847 963 964
5 593 620 741 745 1024
