6 22 60 66 76 78 96
4 22 36 90 92
4 33 59 62 67
8 5 6 9 19 22 56 98 104
8 5 8 22 36 39 46 97 99
7 32 45 52 55 57 69 78
8 0 8 16 33 37 59 64 75
5 22 29 32 49 65
6 7 15 20 22 69 89
8 18 31 36 50 51 77 78 96
8 14 26 28 35 44 49 61 94
8 1 3 4 72 74 83 90 95
8 22 27 37 43 70 87 88 90
5 3 15 51 74 93
8 6 12 16 28 38 40 41 56
4 33 58 82 90
4 50 71 84 100
6 42 66 68 88 94 102
4 29 61 91 100
8 24 28 31 40 45 75 80 85
6 22 26 46 55 92 98
6 14 30 58 67 89 91
7 3 9 50 71 74 84 101
8 5 11 31 42 62 73 81 101
8 2 19 28 31 35 38 72 104
6 36 38 41 74 79 95
8 9 32 48 65 78 79 89 92
6 10 14 15 20 30 96
4 34 45 76 99
6 13 29 36 70 74 102
8 1 5 9 13 56 64 65 81
8 3 5 11 21 33 43 47 51
6 10 34 45 63 99 103
8 17 23 37 47 53 66 85 90
6 5 15 17 35 68 104
6 1 12 22 28 49 59
6 12 20 35 89 97 102
8 3 10 24 25 26 53 54 55
7 14 45 51 57 74 82 96
3 0 55 59
7 0 2 17 27 35 55 66
8 18 44 52 63 71 77 80 86
8 3 7 40 41 48 54 62 68
7 4 18 22 34 68 82 93
8 23 28 38 45 62 65 72 92
6 2 26 36 53 67 86
3 27 62 73
8 17 25 57 60 83 84 89 90
5 38 39 87 103 104
2 21 54
2 114 188
7 117 122 133 152 177 183 202
8 116 121 140 145 167 175 198 199
5 161 180 186 188 199
8 126 134 165 167 174 190 197 198
6 108 115 121 145 192 198
8 105 112 156 179 186 200 201 204
8 115 151 164 168 187 190 203 208
8 109 127 132 147 149 152 161 187
8 107 112 158 162 167 184 198 199
5 107 156 172 208 210
8 106 127 141 152 153 165 176 194
3 111 192 213
8 119 127 130 152 169 185 198 203
6 109 135 139 146 154 186
6 106 155 186 198 204 206
7 107 124 138 185 190 197 213
4 107 140 152 171
2 121 199
8 105 122 127 129 143 149 159 162
8 107 126 161 166 179 181 182 184
7 130 139 157 186 195 196 209
8 109 113 114 125 137 148 150 156
6 144 156 160 170 190 205
7 130 141 154 201 204 212 213
5 120 146 152 202 205
8 108 131 143 152 153 161 173 189
8 115 119 123 145 161 163 183 194
7 111 113 122 148 152 164 178
4 144 180 183 205
7 133 135 148 156 185 186 212
8 117 121 178 184 185 186 195 196
8 108 159 161 171 172 175 193 205
8 118 134 162 184 185 189 206 209
5 117 128 129 147 200
7 116 124 159 160 167 202 210
2 182 184
8 136 167 177 178 181 190 198 206
8 120 128 137 142 154 155 163 185
5 150 176 192 207 211
4 109 118 193 211
7 106 113 136 151 168 169 185
7 110 118 124 131 161 174 190
7 115 125 132 189 194 196 207
7 119 144 149 152 157 198 199
8 116 123 124 142 158 170 173 191
7 108 110 127 138 152 166 202
4 116 179 186 196
8 126 135 138 141 142 144 185 190
2 159 191
